91398566186
88213386852
83169705672
11388400566
46439536628
11185327356
77106524440
68179480542
67031205644
11234964426
72774579198
55354810898
66714257772
23851433032
67344039332
21923240564
77667431652
44919425738
33510169424
20267634190
89458557786
16972726572
25044693148
98883415264
54436139094
99378401786
68336984906
98774185504
74281042042
79149091538
61277907492
53217280604
76324737908
36369882162
60635793098
96894458294
23178614732
97516342434
87035988008
74291985094
61837622544
71495198206
55562807390
18176757024
80586083772
12766092946
37329103952
99785269566
92294659354
63198696974
99996127068
99984163368
13554347620
45127246900
76053827390
67746354934
53421659746
19368859380
56510902334
75627343052
49571033192
66078763520
33413502236
49366816474
35036215364
38207715182
36198071768
40003246852
85593334572
71906684786
76344108856
59056932100
24702078808
34095177972
59489971608
25617289730
12803334374
30016667324
28082813608
52867645474
28880966254
64308498518
68953702976
73853196596
89307935802
44320626120
82468918950
72027837488
48270528602
11372621182
98487405128
33338505022
21548125772
37393494192
84298748448
90049496988
48246806222
38351895822
27954231250
99755866016
57709733326
34774152856
34867770530
14350833232
88085581980
71840670722
86257019200
99547587150
16407394970
17847621602
89139338048
19304901524
86812805682
11099405560
92799753090
27324024970
46270095216
41933784278
39248376462
63960840130
33193915318
80813878058
26405328730
68824437136
66877983914
16331949512
18430353276
35590580410
74616738596
52640156234
15647797398
33615443740
15189507950
68985656520
42318149002
56123660256
97258592074
69341906402
99538967770
83695822126
11656850956
71869843848
59047101546
88389734808
26668325132
85953781466
70939184416
35132413978
15148680328
48716118398
43970929452
69881930936
80910108300
24986876640
31533481356
50603645290
90362039596
47839082630
33201396344
49122642774
33501908032
28253570002
62001289198
87120072704
11749647098
92829886484
25397380276
29578268940
47909694176
40238294192
32537570800
31418586848
38499845628
89463945424
20495755186
88850039012
21663542188
49727848380
75674540244
45904425306
93254252912
78990743030
66891005814
94005220822
35491604192
33366455016
35254112216
15734445744
12497906086
99507453518
73857440244
46783301002
19969218364
54293092082
46003709762
65637072950
70951003252
25125073982
65027414414
73097734066
21364770910
41727062414
49271992430
28922906132
94317160472
67972648234
62972869368
62979589016
94092620406
99998038218
66838071032
35031040848
56017187678
75561232214
12207080730
77722375112
41926855268
72348435028
59955103984
70697330780
52124032290
10218402794
81554536344
63590311604
46862695770
83031022470
49020697142
11943716170
13299065780
88882993252
70560741774
39470612024
61342229504
94602009684
92606247804
34655158366
56881995720
78891767722
38079876660
20732946902
77096520040
84458911774
50069258690
15213340560
92216398392
21679895186
22274546800
16430969480
40917363812
88443882780
37030734872
92484076190
45140709000
71631582890
67527811502
60120610602
47425498586
24007017786
84566425460
58918810044
17509981426
94621298236
22141359502
80425134726
83816540656
31691650618
92058866240
40437748502
85184399782
34724601052
88296212390
62018011638
41364020662
33333189968
74039969928
94427635976
25655197516
68859328256
16110065808
63467230168
84174059132
72592192906
47365574258
47436955092
80454102420
76990623192
21830895512
35135359914
66478369964
69137144230
54895627040
57617708898
40794186290
55697377942
43358853188
33438872222
33060840194
64407385412
11477476052
53005624252
27421998068
34187189562
66176030616
36885365408
46698300152
77103630502
17253605852
60892156018
11702159972
71265837908
98743750238
13019360980
30461497408
22699069496
81432519834
21388815130
42252338302
49987660098
26776120438
89532791228
21159119504
63162756826
18443319160
21956845606
99795102990
31126826830
72112013186
39910006086
23005466916
91156982630
22432262092
55054745476
10012136116
11338522218
99211406800
47605066284
26055875288
35850022476
55364639168
63272779722
61748286316
97839438708
41293549074
84522288122
48383473516
83879992904
71283162976
49431528264
28223949548
77797341050
88759225400
99977777282
48950331126
59833787404
80783329314
99513413476
34155323332
33511070224
27118713820
83514738942
75873599104
92844343030
61430024448
75656057012
22233387482
24088358402
68723589424
61886923968
88183284608
33404382366
70373675266
70613855892
39183504890
60540247952
73842948656
11980246708
93422905756
69226923302
84796443678
39023813458
54191231736
50117594596
33543936130
58531104872
32719639066
87202845028
27967137518
53776787538
87485079738
63798466212
98494861122
79261323272
32640999406
30642375280
79652259678
64691322070
44595293898
79364237056
52575646022
11906535572
28254129834
33850299324
97442938602
59198313492
99496920176
62547227814
66041600340
64295954868
24172976536
52338005882
31999039238
72341525054
12847624318
23030208468
61895197398
13024642798
22496560554
18626546604
48878986828
27631617148
77156293662
86330084620
43498687964
48653245232
53109732730
55524730506
46540402522
36197067458
66087828814
44382665952