77492082852
87533543020
18143689112
11463042674
84488739652
95864563624
38026222410
66686819572
58812818832
58444238312
92423664556
42747971786
58598861718
61459666148
83775614832
22820276694
99814201970
27437117248
85469373094
27937585882
57644066626
15200342096
18678135740
82139686980
91963986944
71111435890
65752564224
77506538832
11789949862
16474105110
93066560038
43547644894
93777744918
45968400264
66142268432
85873325214
71963030212
96272603780
93028583266
59198014276
56243490092
71641054806
17598092416
77270689488
45926589536
40557539356
70998511000
63018942946
56454984724
37925845744
70497096664
22714512228
50832083054
71985483690
29838234852
75408629214
35906786598
64782786064
73606568236
34031906444
71771539662
63737692160
83381138814
84744304778
34900276012
44598496852
26766753080
78725147720
30844149474
11613694562
68540954382
70777308470
14833871522
86101395160
66519726114
84926200966
81347639900
13610818446
96124095534
91824161664
61626800672
86720229006
41687239628
29579422112
88738694722
68032969542
58377241984
66681324736
31170444486
20088589426
70552798250
31171282308
31484493804
24237480572
87165022450
82638237256
54600506950
60101486714
48372431664
33888482712
70233104684
35148655782
35501771920
55699659442
81971145174
60556540146
12727160400
60982918014
80267848744
75712142188
33734519982
42447237328
25545761858
98792962316
89529593538
82255158040
83197460772
78023067126
10519104236
85726968360
80447363500
17777450716
44977904374
61046341342
20750832232
84359958786
83365514252
51590294072
17373889736
55515631270
66370167422
98195020408
53462621672
44748469422
52016974554
21292480806
22451125316
46857827568
27525602908
41930721726
23281504500
85038947992
32786233532
38890265810
86160102082
79181679312
76828659720
79805395826
64100127012
92993230984
79414838790
74124007498
32599933384
99548702194
42734387132
69631763876
11062032892
77201028928
83921076118
71097990260
22160771422
89341514476
55499590242
78674451800
14527780666
24889740642
65045886552
33515590742
81485673170
31467695348
75281015166
12224499294
10746744946
26113829406
97036453108
27311927642
95421777990
53925012344
21402375688
29252667694
11013602914
77788376238
83628035432
59887107128
11741645054
88544446744
73776666794
47323023026
35072700374
88284730684
87516968314
44630228144
13829575932
57946473320
48917315244
98797439714
68511901124
53435573342
86124992292
49430014454
76286350344
43522457686
10707042708
33512954844
29901624610
76670345918
22796055736
58776806456
86820143462
57427826102
43954280128
11234677180
37415412456
65729381854
62057171256
34832213512
12019185760
85200478880
17577546046
65884351112
22006491958
55133187722
31549465524
41641773632
83675697348
47651375064
26857943970
36962466462
46385737520
57264405812
66222238416
99912759236
36530036882
10766478302
71089974230
80699595360
53525831642
32111723448
88525932136
42760141814
72394351914
49555602376
84259962432
14803289814
19313367250
26102569214
75678762222
24746093140
57375424030
51299657802
19024762696
18781691652
11024698944
34820335592
44041990708
91422579380
85548989376
27036200044
52639442386
39733324688
57540828144
61873012064
10927235560
99248784810
54382471194
71430637562
21684532236
76962557524
49515307228
45164147024
39036256532
72218940430
66843011054
15933481284
33330978152
74984129262
61060563300
86265480436
86132760586
59030648218
75739562914
32788942104
12947825110
23519507822
73158960144
23137077684
43427265362
21719337812
38654588490
42800864574
79422750916
33528414066
98282578706
56483249764
92080301238
11728032150
38494408774
44895948900
54736512788
58836954974
96517705224
67004028614
40099035156
18222493494
75971336922
74385879674
76123807284
27325251658
45995407328
70489995494
11498391174
97508355046
93316065924
47527677162
56964337812
42343596208
34880655920
64324268140
19214890420
17584757510
49794417892
72915596824
87694032616
39284857994
27157702922
56362053000
66565074368
96779078586
41113323020
34872924324
84454056950
81863518628
64818092626
99648399300
49440906916
64382420290
35124034440
45827469432
60085135738
96098943794
11171414886
77995505940
52337035750
33304526792
69099102286
91209289426
20937001642
87188093734
39620748290
51772057914
96659090004
73647514322
35618763122
58891335732
32440898862
85780112372
59197866326
49726447676
72096004514
72666818060
69786747554
42817788320
17151408760
66442864594
75749707220
10046958968
36785877292
45556856060
52935152552
34917792956
89033497148
86701243236
30873684908
54166336374
22295051376
65005590796
92675894954
43876835116
27526320108
66468272786
60497144106
30798070206
66185682158
91863595758
97913278466
59137241978
47023342342
34050732734
89418195904
40589903132
55304372728
79926138050
99983027906
26681837988
30545680146
10331206736
87536836488
48256925630
97713299210
18907968064
23906767426
17775286744
56699891474
49658346702
14700159692
89168259390
66579282094
39849479654
98816592536
53968789500
51074803738
92274845562
12845414560
33464578730
26460392158
71660894056
86334194592
16903721942
99676484238
35995195264
99761268514
74396394432
41617242704
91971698426
64043582978
20967731410
44358826066
25154900242
98641506784
36106912794
66581325130
98861713474
66075345286
55964714326
10676153290
55910140858
55368047020
77091803230
75028142346
23994069440
42566830622
84588965340
81831174092
76854155562
12510171996
87581461178
48307206954
27813581724
60613356178
40602244136
79997241390
24516160904
74501885930
33614702848
79154696568
18878910024
96607953948
43567960202
90760784494
35941372824
85915010122
67521925502
56290027494
19624955450
83456031224
10224621974
84782845882
60135124002
27186769286
66941969516
44887187782
69805928254
68641323698
85761045118
99923532002
80054111044
66843532580
67719845704
22876987278
15880074362
92754462470
95588052800
20835066910
47755088396
24812686030
55096348864
90178567788
35097809922
27886654400
39783842408
20121123440
91262106692
25832242008
49320100076
66579251854
60185562632
74420860742
56170921652
82845759244
78618055606
27749330960
90198286362
39905575610
73603889464
35242724278
53231107260
36013040658
54164174800
69060009460
91316688204
10923434332
24514093266
87163898460
44461818736
50488042078
44393809246
21492026354
19780547124
12773679260
53526927504
50727484614
13758669320
95177119112
23482509946
66583640200
74127447376
11329817484
11643434398
74056282666
92808833898
58768241944
86315990472
77973649406
36550243840
25747499412
68647011834
34591174802
93188712032
34543004508
44013011554
61451965478
64710300720
76579720014
13668537054
83730167274
16170112290
90393824154
19318538570
55188360668
44495857466
65763959460
17836427222
63875462168
41030667108
16842632484
72272242198
66951633414
65863625258
24465355352
51459891800
63812692726
49775164036
86036694192
69119881306
15930100874
84328062902
16893965210
13101195742
55516274544
28268121022
26854551826
18582984342
90123462670
36969945168
80684106250
77803078482
44450944330
77182703500
15310793504
97381661944
75880255628
77388057926
41565880300
66853888844
33010088362
11689441206
50786149820
23614669838
66826867784
54820432244
44435488910
40503531786
15066822572
41851087734
40518970846
37781969134
87644932980
74249622668
55397003158
29946399764
55949171786
71017300100
36545537008
86315295560
98698323952
93396940272
81490100890
79402755672
22325208060
52167264542
17374714778
82305364742
54783410990
33613265436
11713580512
22261334946
69493490194
21315792268
73703428600
96373308324
11690475474
88770249454
77016008054
66204366564
87859606560
50881715982
94795318556
35720979664
18444594436
20365501844
53889018260
14269353654
39276083660
76454156648
55043802906
70761387436
92104223508
71196478744
99948705764
66304171402
92854581620
27589662870
62495448934
88911017072
45671169076
56773034162
11950778918
47600493788
39612007312
57213360940