57464062464
18817132012
59429799408
32015358210
90124108690
75952645418
10314282764
56055835074
71474022782
62596232814
25531260846
91532655646
76289582636
98933628378
52015360372
42617844400
16285809818
39367190468
67605871954
92722122580
79591265778
67875370676
32093685062
32250084554
69606902446
94755528476
79600576178
75006488930
81429971652
51421410312
12974174960
63101208416
35543732552
17892593510
94465588166
14653499630
50909142998
78427512512
10614033660
48028420110
27605729020
65536865172
28534018056
66539931888
81972889046
41227844350
59691679620
10547868414
36450414906
36457218354
88316188216
91486782016
14008937800
80416230598
37413618294
83636861528
19133542042
33620930174
66730864190
67904253062
77487072394
10312771642
94274742346
58521917604
77991724444
53061092354
88051170842
54891035320
94943394814
34697246236
82693702850
35975538432
88884536730
12782342346
17197398094
17049886182
74623814016
54841697554
27647561244
18399697350
63931772064
26347898322
87675145014
52726200790
58860825530
99702558544
91947322782
82018363292
26672153226
61087402132
41418494814
83698411044
37270770586
44021890592
55101859644
35058250794
43766810094
89045064062
22361737012
80485696714
38278554338
84627884298
41274559962
66095004538
15775464728
29852938972
33821806124
44470205398
83025620736
13546307144
87974470466
69598875872
18178014538
91267054790
98895928974
49024243468
64112923862
66120510966
44343782926
61613734652
31526521038
30229599818
17980112920
82454358852
87426093908
15020286396
54988786814
20216801178
96956078088
33689142860
79611530350
46512922270
45844437650
36401398576
87871849990
33873535782
80583115360
61852072720
29294020020
55888529044
85071580262
40049268092
48619403522
72302298294
39365037130
12265447360
43998999314
99687898666
66660415790
27093704394
95769343512
33040015208
69146106182
31481765768
48362337174
64225132274
73433550640
15313805174
44363419116
87307320796
76681140946
45362633046
11189212702
51764607646
78141775774
25227427652
18824085882
51476407688
68043751914
46996728832
43955891262
62812008940
13077113856
74073174722
42504277236
73871911164
72687990660
76105723472
63678591386
50264693746
98004565984
56209777878
51020931416
80224921008
41188201612
96281198666
95968789180
40518293822
73873906564
79515284304
65562969660
70057986282
31721987806
50146664642
35784349700
56842751402
46101853244
85261594482
85505678992
38476194350
58280908820
27984345316
52335890184
66931521496
40661762664
57512364014
16880238006
14104158420
95197582354
93768714128
96162616838
37236412604
96545906914
95691330512
62969116864
25943638752
24400035974
72874614706
70820966862
63365666922
68631031626
56435543230
86710906580
25090078708
77563529026
53064336448
96098822464
17596557702
41805495882
44265671858
28112265568
77728331648
70522550680
12148504432
73553281004
65596680982
10511188746
81832449458
38910027640
26624984168
10385302002
25115602260
30651168392
23009541060
42558473356
32935857282
45376547124
54005354972
52741780598
14135053800
84359575488
60554410960
40652232138
32825464330
11048849780
96954790548
77796114440
42207355750
92472380230
13251163158
72730475892
60488558004
48937202678
72660208966
66884452878
82184041772
53353784806
51515331172
79394151896
26770370822
44465339558
19846450962
47313209256
88117046500
41215991912
39319719136
61194924916
31689198566
78948615884
47118532528
20694452596
13648644062
16044256648
99591755314
84457790790
74665348654
83011759150
45906238232
90022368998
34114395202
79626409788
38758801662
28518251080
63904770882
51125580816
39420193382
68729414898
31235432878
79171770470
71917524972
20473339292
70361593138
41057336896
76776231290
77272851302
99934303684
35970412034
23307894196
46201722846
90378263008
58442865046
78642944396
11911220838
53961811352
33357230400
99781948274
31743496928
73562282320
99923145776
36695706934
45638139098
55282175274
84703645232
37502997798
85123603390
63403026688
73862704478
71540550850
34124605162
74670098506
96086638466
72933239086
49952432996
81275653108
66417402134
21250655512
99921729312
83829763264
60446737366
44448702980
66669521034
46775223602
16477613162
33612092118
70910627024
22600913160
55042764564
39039196224
30581485880
87537539388
55800247124
67100763358
32666651050
88898620166
78398271814
77850295788
19316604178
22746606766
13598911344
93071474566
31672852970
72112432406
52251337312
27331931414
59868505264
44567560300
95096069598
28816024720
84066170440
99480996330
38797673954
14138647778
26608396864
72775346348
52410136800
12633973958
77329410520
65918866032
21402112924
59525345660
41260524554
45921056316
69134597442
72125691104
81513348766
85160169286
83588435396
11230976560
99002978554
13538131184
59865266434
38059668612
79056179374
74304498504
12627873950
55313427426
88564187108
55161706056
63395637732
30924460154
46197758478
86836281776
47038700380
74569402704
98806343360
85281069526
77091850524
86439133298
58726734068
39410004810
74111714118
57307496944
86096582958
33494534218
70183688876
98781194490
29986428806
55928692264
22803776296
11112420518
71111990290
29016769336
71183465252
67102375528
50917813880
38788408602
26040940342
76430772534
11022630892
29439210088
23476171012
73698720260
34211190618
59557509566
26204737832
71335515842
28083165744
34437662746
22836388022
78848893948
32350798108
25923450572
25403120254
13877026486
58290337658
14528652610
15787727712
57610220496
46492958894
26225988596
55177035980
96894290412
50798803314
97803062960
44364094206
56259712782
21224332166
66571178562
40548647312
60224506320
25243356370
75225942220
60529475154
52808866586
44274812822
46538451860
28944045512
44376526580
42307075312
92736045264
74285599368
46703670362
44266847764
32011254424
35508531572
98347128068
17319183676
16223597296
78094625720
11230856220
61540299354
25290319236
97839667184
85397698016
64739939932
88329064606
19568906532
98377939498
52455928910
34283737018
75217438434
22676857306
75581756622
36084749450
67773237002
11201009396
72915008990
55820314592
14900997964
87757330932